# x y vx vy mass
1.083043 -1.243330 -4.173513 -1.424318 1.000000
1.390982 -0.735711 1.822848 -2.696678 1.000000
1.426143 -0.600066 2.001648 -2.132821 1.000000
0.646465 -0.693353 2.141713 2.469196 1.000000
0.534171 -0.856024 0.945627 3.059527 1.000000
1.443330 -0.873708 0.902309 -3.167424 1.000000
0.889105 -1.358845 -3.485956 1.077274 1.000000
1.190862 -0.199861 2.398154 -0.572046 1.000000
0.613712 -1.916999 -2.065822 0.870232 1.000000
1.431494 -0.898762 0.767211 -3.269969 1.000000
0.859370 -1.255938 -3.626438 1.992613 1.000000
0.534037 -0.951656 0.337142 3.249541 1.000000
0.750731 -1.466893 -2.711375 1.447570 1.000000
1.382163 -0.640739 2.114742 -2.249548 1.000000
1.095752 -2.148932 -2.075312 -0.172957 1.000000
0.690618 -1.018912 -0.245055 4.008877 1.000000
1.832860 -0.690149 0.827096 -2.223185 1.000000
1.869094 -0.415582 1.219249 -1.813159 1.000000
1.591113 -1.049839 -0.243918 -2.892960 1.000000
1.559688 -1.428571 -1.619163 -2.114529 1.000000
0.066973 -0.445416 1.096641 1.844981 1.000000
0.681793 -1.045536 -0.558687 3.904159 1.000000
0.619542 -1.782622 -2.155805 1.048007 1.000000
2.332027 -0.825452 0.250660 -1.912859 1.000000
1.084085 -0.805190 4.456898 -1.923718 1.000000
1.090683 -1.050571 -3.379850 -6.060688 1.000000
1.660680 -2.059155 -1.698067 -1.059220 1.000000
1.218910 -1.484842 -2.794173 -1.261589 1.000000
1.098380 -0.909894 4.134926 -4.514573 1.000000
0.235216 -1.866495 -1.559435 1.376386 1.000000
0.831260 -0.306779 2.572173 0.626105 1.000000
0.519314 -1.437422 -1.866789 2.051425 1.000000
0.884332 -1.372412 -3.419610 1.062099 1.000000
0.426387 -0.204303 1.831452 1.320281 1.000000
0.788527 -1.693163 -2.512346 0.766475 1.000000
1.665273 -1.362774 -1.229779 -2.255233 1.000000
0.536083 -0.756197 1.436909 2.734197 1.000000
1.052640 -0.802191 4.776121 -1.270996 1.000000
0.451222 -1.037927 -0.207866 3.007700 1.000000
0.564810 -0.357417 2.101612 1.423320 1.000000
0.558548 -0.452123 2.075783 1.672561 1.000000
1.199601 -0.845001 2.728129 -3.513172 1.000000
1.027345 -1.019550 -7.093294 -9.921172 1.000000
0.575219 -1.072742 -0.574921 3.357285 1.000000
1.493142 -0.448065 1.938177 -1.731722 1.000000
1.147968 -0.769357 3.595308 -2.306552 1.000000
1.854924 -0.391868 1.265393 -1.778915 1.000000
0.811241 -0.798853 3.104577 2.913375 1.000000
0.863032 -0.818232 3.743315 2.820704 1.000000
0.430371 -1.582732 -1.771339 1.731509 1.000000
0.797867 -0.788955 2.987277 2.861133 1.000000
0.550225 -0.658868 1.798470 2.371240 1.000000
0.772063 -0.812175 2.616529 3.175319 1.000000
1.109297 -0.729178 3.837023 -1.548523 1.000000
1.329489 -0.393617 2.365084 -1.285113 1.000000
0.424467 -1.120405 -0.597135 2.854284 1.000000
0.914805 -1.126591 -4.749001 3.196038 1.000000
0.493776 -0.779055 1.203535 2.757516 1.000000
1.088814 -1.535831 -2.993252 -0.496133 1.000000
0.375952 -0.755285 0.997074 2.542643 1.000000
1.181733 -0.844504 2.972510 -3.474072 1.000000
1.741639 -1.384593 -1.126220 -2.171770 1.000000
0.859271 -0.647041 3.369523 1.343473 1.000000
1.207721 -0.799267 2.891126 -2.991763 1.000000
0.725853 -1.675658 -2.426499 0.984548 1.000000
1.121839 -0.946151 2.476665 -5.603691 1.000000
0.813772 -0.190724 2.391276 0.550272 1.000000
1.431108 -1.007718 -0.060954 -3.404769 1.000000
0.298227 -0.762475 0.832861 2.460706 1.000000
1.706845 0.013006 1.649953 -1.151287 1.000000
0.779658 -0.539717 2.823356 1.351567 1.000000
1.600555 0.216290 1.721488 -0.850001 1.000000
0.263462 -1.511670 -1.347142 1.939184 1.000000
0.920986 -1.548088 -2.974128 0.428759 1.000000
0.664953 -1.150803 -1.514077 3.363918 1.000000
0.486675 -0.856067 0.826809 2.948745 1.000000
1.643051 -1.061804 -0.266158 -2.769284 1.000000
1.078185 -1.113130 -4.960454 -3.428201 1.000000
0.584184 -0.997719 0.019023 3.467566 1.000000
1.946867 -1.182811 -0.431651 -2.235733 1.000000
1.895539 -1.005916 -0.015609 -2.362808 1.000000
1.045268 -0.310910 2.685001 -0.176383 1.000000
1.028422 -1.221806 -4.690221 -0.600997 1.000000
0.926049 -1.032830 -3.189705 7.184857 1.000000
0.574170 -1.097336 -0.753905 3.298208 1.000000
0.697509 -0.865783 1.576477 3.552974 1.000000
1.432294 -0.829450 1.203781 -3.051240 1.000000
-0.110132 -1.236740 -0.437733 2.052635 1.000000
1.164500 -0.928049 2.114724 -4.834841 1.000000
0.353695 -1.357800 -1.260061 2.276085 1.000000
1.425667 -1.126463 -0.955638 -3.216614 1.000000
0.332147 -1.514295 -1.485977 1.929659 1.000000
1.105120 -1.484951 -3.102275 -0.672459 1.000000
0.702125 -0.935223 0.860603 3.957473 1.000000
1.117828 -0.859684 4.000459 -3.359318 1.000000
1.367372 -0.619985 2.211294 -2.137728 1.000000
1.508309 -1.483790 -1.840275 -1.933543 1.000000
1.044757 -1.340523 -3.782969 -0.497224 1.000000
0.467032 -0.317681 1.893843 1.479305 1.000000
1.210203 -0.930152 1.498196 -4.508697 1.000000
1.093190 -1.372184 -3.501869 -0.876821 1.000000
0.233128 -0.875154 0.407620 2.503820 1.000000
0.957612 -1.195056 -4.890752 1.062830 1.000000
1.006434 -0.628695 3.668779 -0.063573 1.000000
1.329979 -1.347481 -2.342319 -2.224337 1.000000
1.319372 -1.159114 -1.669287 -3.350583 1.000000
1.060901 -0.398683 2.861603 -0.289820 1.000000
2.086581 -2.008842 -1.249467 -1.345749 1.000000
1.015250 -0.909385 7.274232 -1.224220 1.000000
1.286554 -0.337011 2.415160 -1.043869 1.000000
0.434300 -1.139299 -0.700455 2.844575 1.000000
0.468631 -1.026655 -0.153587 3.061739 1.000000
1.963667 -1.192991 -0.442918 -2.211632 1.000000
0.571728 -1.108006 -0.822754 3.262432 1.000000
0.884701 -0.480143 2.991591 0.663506 1.000000
1.871030 -1.464690 -1.059299 -1.985584 1.000000
1.628837 -0.859363 0.607965 -2.718432 1.000000
1.475314 -0.647707 1.731040 -2.335516 1.000000
0.743558 -1.773986 -2.350669 0.778839 1.000000
1.001948 -1.535325 -3.056130 -0.011119 1.000000
1.003839 -1.776751 -2.537092 -0.012540 1.000000
0.737454 -0.398229 2.529380 1.103538 1.000000
1.921576 -1.361382 -0.820475 -2.092330 1.000000
0.770487 -0.706327 2.885857 2.255376 1.000000
1.332809 -1.184599 -1.758130 -3.169692 1.000000
2.093754 -1.254797 -0.478726 -2.055000 1.000000
1.242936 -0.314956 2.471958 -0.876624 1.000000
1.319626 -1.031963 -0.392585 -3.925749 1.000000
1.246760 -0.955864 0.786340 -4.396333 1.000000
0.702419 -0.898498 1.287371 3.774280 1.000000
1.430563 -0.812507 1.302738 -2.991638 1.000000
0.828692 -0.125809 2.324920 0.455595 1.000000
1.279530 -1.129027 -1.688930 -3.658968 1.000000
1.220348 -1.427591 -2.865885 -1.476861 1.000000
1.445649 -0.750017 1.530372 -2.728223 1.000000
1.805395 -0.967170 0.101438 -2.488512 1.000000
0.427020 -1.427300 -1.581145 2.120206 1.000000
1.020181 -0.894261 6.694425 -1.277648 1.000000
1.048738 -0.393189 2.856694 -0.229445 1.000000
0.967711 -0.720344 4.186576 0.483384 1.000000
0.905080 -0.778291 4.185749 1.792043 1.000000
0.838265 -2.132351 -2.069743 0.295624 1.000000
0.838478 -1.009156 -0.314621 5.550392 1.000000
0.641439 -1.520616 -2.316210 1.595229 1.000000
0.793486 -0.419556 2.683997 0.954932 1.000000
-0.101520 -0.760251 0.447896 2.057846 1.000000
1.489043 -0.416135 1.964229 -1.645229 1.000000
1.347880 -0.766274 1.926235 -2.867024 1.000000
1.210798 -1.237694 -2.968075 -2.632225 1.000000
0.890210 -1.099364 -3.899217 4.308378 1.000000
2.196976 -1.721490 -0.976424 -1.619921 1.000000
-0.029627 -1.402866 -0.774866 1.980369 1.000000
0.939428 -1.027105 -3.545487 7.923130 1.000000
0.415203 -0.805755 0.897921 2.703297 1.000000
0.864031 -0.307519 2.611917 0.512852 1.000000
0.225736 -0.930314 0.227336 2.525879 1.000000
0.498779 -1.124171 -0.748275 3.020433 1.000000
1.147759 -0.359420 2.687283 -0.619859 1.000000
0.655779 -0.577434 2.348318 1.912934 1.000000
0.853571 -1.370295 -3.295247 1.303069 1.000000
1.078588 -1.762957 -2.539786 -0.261611 1.000000
0.927572 -0.354237 2.756617 0.309180 1.000000
1.763741 -0.363895 1.435388 -1.723401 1.000000
0.877334 -0.582948 3.253601 0.956972 1.000000
2.116405 -1.137063 -0.256922 -2.092672 1.000000
1.331057 -1.854728 -2.177921 -0.843561 1.000000
1.018441 0.072588 2.158601 -0.037113 1.000000
0.543540 -1.514334 -2.016770 1.789839 1.000000
0.505327 -0.409017 1.953173 1.634874 1.000000
1.160440 -1.416868 -3.122437 -1.201736 1.000000
1.576580 0.363614 1.692633 -0.715700 1.000000
1.031223 -1.496875 -3.162845 -0.198751 1.000000
0.699003 -1.738557 -2.318689 0.944976 1.000000
0.982755 -0.514091 3.204776 0.113741 1.000000
2.152629 -0.819161 0.320865 -2.045123 1.000000
1.031301 -1.590943 -2.902683 -0.153749 1.000000
1.119193 -0.085674 2.309115 -0.301020 1.000000
1.578970 -1.652813 -1.790921 -1.588342 1.000000
0.430121 -1.215847 -1.014592 2.678728 1.000000
1.807717 -0.862315 0.415102 -2.435150 1.000000
0.397582 -1.476078 -1.582226 2.002111 1.000000
1.756628 -1.104662 -0.350572 -2.534371 1.000000
1.250310 -0.912123 1.438089 -4.096267 1.000000
1.230144 -0.996498 0.070912 -4.660252 1.000000
0.290777 -0.870293 0.473759 2.590462 1.000000
1.295960 -1.759840 -2.307363 -0.898725 1.000000
1.991600 -0.735977 0.567952 -2.133079 1.000000
1.549986 -1.032393 -0.177127 -3.007330 1.000000
1.539467 -0.511577 1.759265 -1.943122 1.000000
-0.606811 -0.928392 0.078497 1.761393 1.000000
1.640731 -1.206182 -0.834887 -2.594497 1.000000
0.162408 -0.956707 0.126034 2.438371 1.000000
0.567657 -0.371729 2.109301 1.451510 1.000000
0.478189 -0.787991 1.121514 2.760341 1.000000
1.308227 -1.937142 -2.138581 -0.703382 1.000000
0.786834 -0.408726 2.653316 0.956573 1.000000
1.845404 -0.977183 0.065600 -2.430612 1.000000
-0.062030 -0.882391 0.238096 2.150039 1.000000
1.348680 -1.079099 -0.827315 -3.646919 1.000000
1.056945 -0.940352 5.632076 -5.376874 1.000000
1.457282 -2.323823 -1.785890 -0.616892 1.000000
1.280800 -0.785853 2.281797 -2.992004 1.000000
0.503200 -0.933263 0.420488 3.130176 1.000000
1.065841 -1.358726 -3.641765 -0.668410 1.000000
0.870684 -2.085970 -2.123195 0.252828 1.000000
0.194560 -1.971728 -1.532393 1.270161 1.000000
1.189522 -1.311762 -3.163297 -1.922990 1.000000
0.650061 -1.360152 -2.263107 2.198929 1.000000
1.392169 -0.475505 2.212921 -1.654617 1.000000
1.035573 -1.753738 -2.571285 -0.121353 1.000000
1.291624 -0.562676 2.566000 -1.711101 1.000000
0.641397 -1.496313 -2.316244 1.673565 1.000000
0.401342 -1.290647 -1.197143 2.465804 1.000000
1.479455 -1.867480 -1.965751 -1.086468 1.000000
0.806539 -1.207319 -3.070070 2.864858 1.000000
1.624568 -0.778963 0.916523 -2.589757 1.000000
1.351931 -0.356435 2.290719 -1.252670 1.000000
1.190887 -1.676441 -2.566924 -0.724367 1.000000
1.139675 -0.845112 3.636141 -3.279004 1.000000
1.389449 -0.803936 1.522740 -3.024679 1.000000
0.550726 -1.489309 -2.020874 1.855529 1.000000
0.611212 -0.879706 1.036050 3.348496 1.000000
0.727208 -1.516133 -2.587400 1.367520 1.000000
1.119252 -1.295321 -3.673979 -1.483571 1.000000
1.165862 -0.122360 2.324858 -0.439367 1.000000
1.209191 -0.497155 2.797536 -1.163814 1.000000
0.582541 0.133199 1.909330 0.703377 1.000000
-0.048559 -1.528022 -0.928182 1.843207 1.000000
1.622398 -0.059235 1.755876 -1.161665 1.000000
1.533448 -0.171491 1.893956 -1.219452 1.000000
0.979969 -1.401436 -3.522627 0.175773 1.000000
1.152891 -1.537181 -2.877753 -0.819057 1.000000
0.475796 -1.006325 -0.037262 3.088073 1.000000
0.972813 -1.516952 -3.103562 0.163222 1.000000
1.064838 -0.507863 3.146566 -0.414555 1.000000
0.815805 -0.976160 0.665989 5.145583 1.000000
1.334550 -1.072547 -0.809931 -3.734969 1.000000
0.500895 -0.060176 1.914427 1.016680 1.000000
0.659216 -0.757556 2.004380 2.817399 1.000000
1.481932 -1.167348 -1.026941 -2.957401 1.000000
1.606204 -1.692177 -1.753664 -1.535847 1.000000
0.961701 -0.857824 5.626708 1.515722 1.000000
0.945385 -0.657867 3.751381 0.598840 1.000000
-0.442490 -1.406483 -0.495415 1.758084 1.000000
0.402072 -0.939953 0.288227 2.870068 1.000000
0.675857 -0.949807 0.597451 3.858326 1.000000
0.174627 -2.597842 -1.481425 0.765237 1.000000
2.267007 -1.055826 -0.087401 -1.983644 1.000000
0.737417 -1.253174 -2.569805 2.665313 1.000000
1.101791 -0.897681 4.172693 -4.151139 1.000000
0.666724 -1.740651 -2.262665 1.018146 1.000000
0.805361 -2.131999 -2.056231 0.353554 1.000000
2.012498 -1.172453 -0.370468 -2.175069 1.000000
0.951410 -0.837501 5.201946 1.555466 1.000000
1.065084 -1.054168 -4.915697 -5.906269 1.000000
0.738523 -0.925309 1.177756 4.123059 1.000000
1.502091 -1.621120 -1.945825 -1.572933 1.000000
1.490040 -1.469154 -1.877408 -1.960989 1.000000
0.614591 -0.740637 1.831642 2.721786 1.000000
1.003937 -0.978052 14.739016 -2.644025 1.000000
1.343916 -0.743196 2.042081 -2.734785 1.000000
0.748168 -0.550392 2.717621 1.522178 1.000000
0.220646 -1.046472 -0.150631 2.526164 1.000000
1.839103 -2.029111 -1.503930 -1.226256 1.000000
0.940258 -0.989690 1.544354 8.949231 1.000000
1.252118 -1.455409 -2.711483 -1.501098 1.000000
0.603274 -1.807840 -2.115670 1.038993 1.000000
1.083552 -1.328887 -3.720406 -0.945152 1.000000
0.723500 -1.208015 -2.285322 3.037727 1.000000
1.204763 -1.141518 -2.548231 -3.687044 1.000000
1.905103 -1.010425 -0.027070 -2.350135 1.000000
1.625802 -0.980264 0.089079 -2.824508 1.000000
1.253076 -0.339182 2.482364 -0.950681 1.000000
0.684936 0.233601 1.920061 0.490388 1.000000
1.460838 -0.991322 0.062008 -3.293028 1.000000
1.435265 -0.821592 1.236477 -3.016647 1.000000
0.810169 -1.032827 -0.868106 5.020005 1.000000
1.622896 -1.031722 -0.144004 -2.827702 1.000000
0.720240 -1.691053 -2.400468 0.971784 1.000000
0.319307 -1.073586 -0.290448 2.686736 1.000000
1.291275 -0.592624 2.570335 -1.837797 1.000000
0.677721 -0.819303 1.799079 3.208714 1.000000
0.665490 -1.248506 -2.065671 2.780573 1.000000
0.279257 -0.617241 1.160959 2.186110 1.000000
0.707410 -0.881469 1.494278 3.688573 1.000000
2.017721 -1.215948 -0.455036 -2.144500 1.000000
1.232967 -0.728046 2.837803 -2.430971 1.000000
1.358245 -1.012642 -0.131707 -3.732412 1.000000
1.540541 -1.293933 -1.361803 -2.504346 1.000000
2.101938 -1.473333 -0.805864 -1.876085 1.000000
0.926260 -1.177730 -4.708358 1.953488 1.000000
0.322393 -0.675545 1.114133 2.326803 1.000000
0.724450 -2.116625 -2.024309 0.499539 1.000000
1.297411 -1.009015 -0.124204 -4.097391 1.000000
0.973848 -1.575243 -2.943655 0.133828 1.000000
1.263694 -1.214861 -2.421832 -2.972252 1.000000
0.064081 -0.939227 0.149612 2.304068 1.000000
0.943482 -0.701499 3.986022 0.754708 1.000000
0.666411 -1.240821 -2.040477 2.826505 1.000000
0.240075 -1.068059 -0.228356 2.549749 1.000000
1.014518 -0.739362 4.369758 -0.243408 1.000000
0.661012 -1.022131 -0.249937 3.828316 1.000000
1.373006 -0.783450 1.709467 -2.944543 1.000000
0.395225 -0.800617 0.877353 2.661218 1.000000
0.643270 -1.180278 -1.595274 3.156680 1.000000
0.218162 -2.302025 -1.555549 0.934074 1.000000
1.683867 -0.765538 0.852905 -2.487715 1.000000
0.815879 -0.660414 3.162758 1.714828 1.000000
0.324954 -0.277262 1.643234 1.534800 1.000000
1.295555 -0.585446 2.551704 -1.819229 1.000000
2.565321 -1.254104 -0.284525 -1.752714 1.000000
1.762967 -0.893484 0.352251 -2.523161 1.000000
1.420279 -0.834042 1.221738 -3.093986 1.000000
1.026558 -0.837553 5.439238 -0.889232 1.000000
1.203687 -0.450303 2.738523 -1.014742 1.000000
0.961125 -0.007393 2.241801 0.087800 1.000000
1.229618 -2.237568 -1.959640 -0.363591 1.000000
1.558665 -0.701224 1.324859 -2.477278 1.000000
0.605814 -1.491285 -2.197536 1.763208 1.000000
0.750516 -1.870177 -2.259179 0.647717 1.000000
1.732596 -1.302909 -0.959607 -2.320845 1.000000
1.178619 -1.164188 -3.072185 -3.342215 1.000000
1.466323 -0.603309 1.851696 -2.176727 1.000000
0.834717 -0.741842 3.401337 2.177672 1.000000
1.327975 -1.820515 -2.208826 -0.882908 1.000000
1.038339 -0.948755 7.077406 -5.294908 1.000000
2.276365 -1.204131 -0.310603 -1.942097 1.000000
1.095560 -0.619405 3.462108 -0.869266 1.000000
2.127099 -1.318089 -0.561215 -1.988577 1.000000
1.174108 -0.761337 3.323589 -2.424609 1.000000
0.047419 -0.812154 0.439044 2.226424 1.000000
1.046756 -0.909218 6.220845 -3.203990 1.000000
0.531235 -2.184348 -1.842221 0.729151 1.000000
1.188514 -0.075027 2.255094 -0.459599 1.000000
-0.061591 -1.179628 -0.359525 2.124769 1.000000
0.386377 -1.302679 -1.195859 2.424372 1.000000
1.200271 -0.986241 0.342055 -4.978997 1.000000
2.289723 -1.254499 -0.377559 -1.913350 1.000000
1.435101 -0.488104 2.078649 -1.766810 1.000000
0.556746 -1.247323 -1.529276 2.740781 1.000000
0.130767 -0.963239 0.101296 2.395161 1.000000
-0.301812 -0.920884 0.118776 1.954385 1.000000
0.530004 -1.613332 -2.019111 1.547244 1.000000
1.092996 -0.000582 2.222303 -0.206786 1.000000
0.119354 0.151700 1.475222 1.128028 1.000000
1.054959 -0.817813 4.907475 -1.480399 1.000000
1.785254 -0.705772 0.856765 -2.286593 1.000000
1.071249 -0.888100 5.178670 -3.297350 1.000000
0.952772 -1.500746 -3.139004 0.296057 1.000000
1.278270 -1.323809 -2.595420 -2.230417 1.000000
1.495363 -0.609331 1.743317 -2.210501 1.000000
0.292110 -0.597269 1.225230 2.153614 1.000000
0.985556 -0.827486 5.355466 0.448394 1.000000
1.321683 -1.227451 -2.056719 -2.908811 1.000000
1.093440 -0.755548 4.082898 -1.560666 1.000000
0.400808 -0.460224 1.666551 1.849998 1.000000
1.227680 -0.754900 2.832503 -2.631190 1.000000
1.272494 -1.032003 -0.497935 -4.239792 1.000000
1.213654 -0.715388 2.997637 -2.250279 1.000000
2.135563 -1.119332 -0.218699 -2.081144 1.000000
1.379121 -1.189024 -1.532930 -3.074551 1.000000
1.294082 -0.636846 2.542077 -2.058570 1.000000
1.082355 -0.673961 3.738561 -0.944333 1.000000
0.285365 -1.244268 -0.832212 2.434736 1.000000
0.396455 -0.824593 0.787146 2.708437 1.000000
0.549011 -1.172186 -1.147918 3.006628 1.000000
0.702582 -1.466720 -2.534821 1.615316 1.000000
1.552410 -1.719345 -1.862195 -1.430044 1.000000
1.407706 -0.797468 1.474407 -2.968055 1.000000
0.834881 -0.754441 3.411133 2.293719 1.000000
0.969379 -1.185299 -5.090644 0.841230 1.000000
2.009443 -0.507032 0.925787 -1.895721 1.000000
0.669010 -0.931326 0.781315 3.765734 1.000000
0.379484 -0.222031 1.752387 1.397722 1.000000
0.994332 -0.871078 6.218604 0.273395 1.000000
1.627454 -0.817605 0.772153 -2.656265 1.000000
0.332286 -1.388687 -1.279818 2.198561 1.000000
1.264574 -0.778353 2.444216 -2.917596 1.000000
0.772624 -1.773251 -2.389530 0.702645 1.000000
2.068169 -1.739757 -1.116867 -1.612694 1.000000
0.645714 -0.731885 2.024366 2.674985 1.000000
1.489162 -0.764515 1.316366 -2.734428 1.000000
0.005996 -1.049840 -0.112244 2.238582 1.000000
1.420764 -0.867935 1.008349 -3.212635 1.000000
0.556003 -0.869408 0.927481 3.153329 1.000000
0.783725 -1.847822 -2.316317 0.590880 1.000000
0.626380 -1.156219 -1.355479 3.241827 1.000000
1.363302 0.248719 1.882724 -0.547759 1.000000
1.802497 -0.901975 0.301531 -2.468534 1.000000
0.639567 -0.858637 1.312140 3.345553 1.000000
1.631015 -1.206269 -0.852692 -2.608540 1.000000
1.251158 -0.711536 2.726853 -2.374201 1.000000
1.018530 -0.667971 3.871545 -0.216068 1.000000
0.530024 -0.734558 1.496779 2.650112 1.000000
0.930717 -1.986217 -2.243341 0.157596 1.000000
0.876713 -0.965214 1.696529 6.012789 1.000000
1.084772 -0.523204 3.163602 -0.562472 1.000000
0.889386 -1.633250 -2.747309 0.479891 1.000000
0.337156 -0.758886 0.910151 2.502089 1.000000
1.113251 0.380539 1.893547 -0.155335 1.000000
0.891180 -1.477366 -3.115718 0.710258 1.000000
1.650783 -1.322892 -1.166015 -2.350081 1.000000
0.986606 -0.585039 3.468502 0.111959 1.000000
1.046647 -1.094902 -6.171077 -3.033278 1.000000
-0.037855 -1.058139 -0.122668 2.189758 1.000000
0.845891 -1.077997 -2.429620 4.800540 1.000000
0.634888 -0.989694 0.104394 3.698389 1.000000
1.313163 -1.450373 -2.478754 -1.723578 1.000000
1.071555 -0.788651 4.483714 -1.518030 1.000000
1.041526 -1.778902 -2.528244 -0.134790 1.000000
1.768006 -1.108587 -0.355440 -2.513943 1.000000
1.123301 -0.917179 3.235100 -4.816261 1.000000
1.618028 -0.244706 1.751771 -1.433405 1.000000
0.410153 -0.902980 0.469399 2.853779 1.000000
0.953565 -1.160714 -5.252223 1.517517 1.000000
0.560653 -0.693769 1.747213 2.506713 1.000000
0.870091 -1.959406 -2.251987 0.304931 1.000000
0.962803 -1.068962 -7.030779 3.792245 1.000000
1.505252 -1.547142 -1.903594 -1.757853 1.000000
1.085870 -1.065377 -4.123138 -5.415552 1.000000
1.657501 -0.227521 1.690636 -1.438998 1.000000
0.587015 -1.029875 -0.250721 3.465913 1.000000
0.978127 -1.414575 -3.465595 0.182845 1.000000
1.330738 -1.337351 -2.323036 -2.277499 1.000000
1.103815 -1.118069 -4.235103 -3.723794 1.000000
1.145706 -1.294572 -3.496227 -1.729362 1.000000
0.940312 -0.532583 3.231204 0.412618 1.000000
0.128586 -1.082318 -0.224775 2.379464 1.000000
0.074675 -0.762813 0.568076 2.216207 1.000000
1.383580 -1.420176 -2.189416 -1.998721 1.000000
0.100832 -1.893916 -1.400072 1.408298 1.000000
1.463209 -1.427420 -1.910035 -2.069969 1.000000
-0.157963 -1.452032 -0.729312 1.868267 1.000000
1.588904 -1.494583 -1.639842 -1.952573 1.000000
1.886076 -0.748462 0.636263 -2.241325 1.000000
1.544646 -1.315308 -1.412216 -2.439382 1.000000
0.685760 -0.418604 2.419742 1.307850 1.000000
1.430880 -1.371569 -1.935958 -2.244985 1.000000
0.887777 -0.515457 3.088866 0.715401 1.000000
0.944594 -1.285293 -4.071743 0.790765 1.000000
0.258102 -1.172081 -0.578939 2.496000 1.000000
0.982084 -1.394652 -3.553919 0.161339 1.000000
0.833657 -1.310007 -3.321878 1.782443 1.000000
0.465143 -0.977597 0.127898 3.053482 1.000000
0.943516 -0.464654 3.030833 0.319779 1.000000
1.116884 -1.034793 -1.826785 -6.136975 1.000000
0.884243 -1.185303 -4.057211 2.534491 1.000000
-0.450575 -1.272810 -0.340184 1.808810 1.000000
0.461544 -2.485513 -1.672395 0.606195 1.000000
0.471451 -1.291717 -1.390615 2.519592 1.000000
0.738758 -0.088621 2.207574 0.632790 1.000000
0.642272 -1.224487 -1.828928 2.914461 1.000000
-0.324808 -1.151363 -0.219812 1.923907 1.000000
1.058835 -0.601583 3.485697 -0.514739 1.000000
1.887536 -1.175769 -0.456684 -2.306010 1.000000
0.223725 -1.277591 -0.829223 2.318900 1.000000
0.972341 -0.764250 4.558337 0.534796 1.000000
0.589952 -0.602154 2.059996 2.123176 1.000000
1.434224 -0.274924 2.086722 -1.249670 1.000000
0.724129 -1.593807 -2.506145 1.164306 1.000000
0.389712 -0.694033 1.212894 2.419265 1.000000
0.414040 -1.182433 -0.848499 2.725312 1.000000
1.002341 -0.656128 3.813043 -0.025963 1.000000
0.418200 -0.927422 0.361493 2.897801 1.000000
1.237723 -1.736832 -2.418510 -0.780279 1.000000
0.828226 -1.161390 -3.153781 3.356691 1.000000
1.153387 -1.144534 -3.340322 -3.544924 1.000000
0.095678 -1.642559 -1.229671 1.730610 1.000000
0.246733 -1.213148 -0.688103 2.431766 1.000000
1.053403 -0.808538 4.831041 -1.347500 1.000000
0.294421 -0.143981 1.638241 1.350332 1.000000
1.480878 -1.257632 -1.429685 -2.668553 1.000000
1.349740 -0.959161 0.437055 -3.742840 1.000000
1.306967 -0.933864 0.840446 -3.900858 1.000000
0.772529 -0.449512 2.677708 1.106475 1.000000
0.315907 -1.276743 -0.976160 2.413014 1.000000
1.205887 -1.833784 -2.342500 -0.578435 1.000000
1.990989 -1.178070 -0.394113 -2.193309 1.000000
0.429699 -0.624079 1.489023 2.258959 1.000000
1.907231 0.053369 1.436978 -1.237619 1.000000
1.863395 -1.213370 -0.568847 -2.301820 1.000000
1.839858 -0.052434 1.487117 -1.318078 1.000000
1.040303 0.057100 2.172470 -0.082828 1.000000
1.954709 -1.432979 -0.902030 -1.988958 1.000000
0.736796 -1.953809 -2.166956 0.597973 1.000000
1.508108 -0.833351 0.952962 -2.905549 1.000000
1.500975 -0.006104 1.892665 -0.954000 1.000000
1.117780 -1.676560 -2.658320 -0.462777 1.000000
0.181946 -1.698439 -1.399925 1.639679 1.000000
0.913052 -1.101766 -4.646769 3.970184 1.000000
0.766030 -2.124151 -2.042961 0.425202 1.000000
0.776015 -0.732584 2.902393 2.431021 1.000000
0.572281 -1.175341 -1.247482 3.043046 1.000000
1.299032 -1.482752 -2.522565 -1.562558 1.000000
1.908117 -0.889421 0.282585 -2.320706 1.000000
1.961581 -1.220239 -0.502628 -2.194513 1.000000
1.056200 -1.108608 -5.679044 -2.938654 1.000000
1.796392 -1.661460 -1.404148 -1.690580 1.000000
0.465376 -1.182254 -0.960017 2.816113 1.000000
1.535136 -0.136366 1.885737 -1.168465 1.000000
-1.021082 1.067001 -0.645362 0.104454 1.000000
-0.876596 1.807287 3.780558 -0.915852 1.000000
-0.740384 1.678668 2.928158 -2.075199 1.000000
-0.738377 1.181263 -0.202292 -1.397261 1.000000
-0.747076 1.641728 2.783922 -2.291256 1.000000
-1.052060 1.672750 4.687802 0.960678 1.000000
-1.182895 1.433347 0.402476 3.011589 1.000000
-1.003131 0.945929 -0.399861 0.010737 1.000000
-0.997090 1.817963 4.007838 -0.022955 1.000000
-0.957787 1.572964 5.716174 -2.439276 1.000000
-0.981212 1.469496 -4.861745 -3.918439 1.000000
-1.149115 1.573413 3.032189 3.112168 1.000000
-0.730268 1.370839 0.383120 -2.332415 1.000000
-1.490928 1.155658 0.451286 1.495149 1.000000
-0.847880 1.578446 3.066748 -3.038186 1.000000
-1.138858 1.681242 3.849402 1.799987 1.000000
-0.933623 1.244547 -1.164271 -0.692291 1.000000
-0.815533 1.481900 1.179224 -3.269149 1.000000
-1.543478 1.956502 2.579664 1.285368 1.000000
-1.199992 1.029757 -0.320542 0.774269 1.000000
-1.276797 1.683197 2.854760 2.046944 1.000000
-0.987488 1.185555 -1.018995 -0.100232 1.000000
-1.029674 1.804056 4.046539 0.248527 1.000000
-0.979249 1.554512 6.972566 -2.083191 1.000000
-1.260993 1.410938 0.630263 2.548719 1.000000
-0.849194 1.748559 3.742380 -1.360503 1.000000
-0.616086 1.783265 2.715588 -1.647512 1.000000
-0.998637 1.459509 -5.522140 -0.236385 1.000000
-1.249540 1.662479 2.914102 2.171820 1.000000
-1.049722 1.098270 -0.705952 0.273028 1.000000
-1.306736 1.544515 1.864828 2.513876 1.000000
-1.038839 1.719436 4.449943 0.522119 1.000000
-1.140132 1.481443 1.006205 3.728924 1.000000
-0.881538 1.890777 3.617943 -0.642042 1.000000
-1.143966 1.820700 3.676041 0.976850 1.000000
-0.918723 1.596555 4.545450 -2.563561 1.000000
-1.028995 1.546712 6.624442 3.180802 1.000000
-1.139313 1.363423 -0.741448 2.286351 1.000000
-0.894304 1.398012 -1.062284 -2.655456 1.000000
-0.679181 1.624609 2.372783 -2.247076 1.000000
-1.057786 1.579961 5.149291 2.637258 1.000000
-0.677531 1.863241 3.017476 -1.347148 1.000000
-0.831962 1.920760 3.451174 -0.779237 1.000000
-0.957470 1.643723 5.002756 -1.036530 1.000000
-1.147360 1.339097 -0.732754 2.044827 1.000000
-0.840261 1.899480 3.501954 -0.800514 1.000000
-1.433006 1.344715 0.796124 1.962728 1.000000
-1.115217 1.410159 -0.775086 2.917689 1.000000
-0.945255 1.526603 4.005367 -5.155749 1.000000
-1.077547 1.723560 4.246696 0.952756 1.000000
-0.631501 1.230772 0.265028 -1.690336 1.000000
-1.094380 1.639264 4.354237 1.934335 1.000000
-0.980497 1.232084 -1.221409 -0.198108 1.000000
-1.109051 1.955656 3.509346 0.480891 1.000000
-1.031527 1.402595 -2.705068 1.361023 1.000000
-1.146641 1.427967 -0.042601 3.140370 1.000000
-0.913329 1.394578 -1.457080 -2.431109 1.000000
-0.984283 1.900834 3.731167 -0.087486 1.000000
-0.553471 1.412625 1.097388 -2.057556 1.000000
-0.982072 1.187320 -1.022878 -0.144654 1.000000
-1.173172 1.481101 1.132397 3.368371 1.000000
-0.811823 1.275912 -0.502072 -1.681229 1.000000
-0.598485 1.524724 1.637041 -2.225520 1.000000
-1.190621 1.284585 -0.474712 1.747427 1.000000
-1.072301 1.756302 4.137540 0.744030 1.000000
-1.276760 1.746593 3.045237 1.734279 1.000000
-0.613195 1.597660 2.048108 -2.170904 1.000000
-1.440858 1.668034 2.233299 1.923901 1.000000
-1.272285 1.493967 1.439970 2.709213 1.000000
-1.455139 1.796215 2.546819 1.608454 1.000000
-0.457196 1.503910 1.513826 -1.919449 1.000000
-1.418773 1.347829 0.776428 1.991266 1.000000
-1.028385 1.396658 -2.665675 1.144207 1.000000
-1.033098 1.718251 4.475982 0.451317 1.000000
-1.266240 1.551497 2.015733 2.666333 1.000000
-0.714353 1.350657 0.345896 -2.207450 1.000000
-0.720858 1.392510 0.570797 -2.413050 1.000000
-1.151255 1.248567 -0.737164 1.345813 1.000000
-1.269051 1.784116 3.141561 1.554522 1.000000
-1.201477 1.617743 2.977106 2.527576 1.000000
-0.999258 1.866599 3.835707 -0.004728 1.000000
-0.949134 1.698905 4.523835 -0.773280 1.000000
-1.072237 1.467476 -0.562808 4.581553 1.000000
-0.776696 1.798295 3.354661 -1.388400 1.000000
-0.816447 1.319145 -0.455320 -1.984491 1.000000
-0.923679 1.704915 4.334099 -1.055567 1.000000
-0.751299 1.414134 0.600214 -2.606121 1.000000
-0.872504 1.478201 0.837287 -3.875968 1.000000
-1.123381 1.456597 0.202344 3.688834 1.000000
-1.009135 1.278669 -1.502198 0.123912 1.000000
-1.262839 1.677711 2.906271 2.079910 1.000000
-0.815556 1.377888 -0.159913 -2.507213 1.000000
-1.029563 1.491528 -0.721488 7.752328 1.000000
-0.588763 1.649477 2.230354 -2.009323 1.000000
-0.594108 1.709535 2.459850 -1.859330 1.000000
-1.067750 0.876657 -0.275522 0.192979 1.000000
-1.018002 1.017784 -0.534419 0.075948 1.000000
-1.013317 1.592302 6.083522 0.661298 1.000000
-1.115265 1.635873 4.054858 2.167349 1.000000
-0.883206 1.428799 -0.490391 -3.264920 1.000000
-1.195070 1.316215 -0.373267 1.988286 1.000000
-1.038346 2.147781 3.252514 0.103741 1.000000
-0.862542 1.660162 3.835949 -2.004821 1.000000
-1.064384 1.741497 4.233339 0.728718 1.000000
-0.872218 1.674418 3.953416 -1.797416 1.000000
-1.358887 1.282265 0.367800 1.866177 1.000000
-0.990868 1.639965 5.268098 -0.245850 1.000000
-0.991696 1.609288 5.759457 -0.323631 1.000000
-0.930797 1.463209 -0.871308 -4.460412 1.000000
-1.014920 1.043110 -0.590557 0.068270 1.000000
-1.047281 1.371896 -2.090338 1.325139 1.000000
-1.044480 1.454779 -2.503245 3.937608 1.000000
-0.714970 1.672012 2.766425 -2.098515 1.000000
-0.606516 1.383313 0.872384 -2.116397 1.000000
-1.566039 1.652275 1.979861 1.783746 1.000000
-0.801075 1.220049 -0.467166 -1.397811 1.000000
-0.995965 1.715993 4.542155 -0.056824 1.000000
-0.527741 1.383139 1.012971 -1.968191 1.000000
-0.916287 1.606732 4.521360 -2.369754 1.000000
-0.717782 1.537492 1.849046 -2.627388 1.000000
-0.654746 1.573265 1.994147 -2.328619 1.000000
-1.088988 1.793899 3.942559 0.739572 1.000000
-1.054979 1.733476 4.310704 0.661861 1.000000
-1.568681 1.212591 0.700866 1.581203 1.000000
-0.741770 1.400555 0.533853 -2.508819 1.000000
-1.211460 1.255579 -0.381266 1.627570 1.000000
-0.976848 1.371493 -2.351650 -0.693918 1.000000
-1.118610 1.401328 -0.802585 2.767845 1.000000
-1.555589 1.320363 0.930630 1.760970 1.000000
-0.928915 1.640969 4.678033 -1.602542 1.000000
-0.629312 1.692379 2.508037 -1.942351 1.000000
-0.743059 1.589421 2.391179 -2.560706 1.000000
-1.061595 1.874775 3.764375 0.372153 1.000000
-0.856974 1.199000 -0.712692 -1.051400 1.000000
-0.973487 1.394465 -2.657971 -1.044572 1.000000
-2.024516 1.759668 1.837969 1.333448 1.000000
-1.297610 1.488709 1.401759 2.589543 1.000000
-1.156569 1.975106 3.399059 0.625824 1.000000
-1.070343 1.173182 -0.891174 0.514668 1.000000
-0.959621 1.497554 1.074876 -7.018464 1.000000
-1.217166 1.873296 3.360114 1.082128 1.000000
-1.158968 1.062958 -0.448863 0.708872 1.000000
-0.467361 1.370045 1.047286 -1.855515 1.000000
-0.915935 1.357379 -1.494295 -1.764927 1.000000
-1.168205 1.510763 1.719966 3.437672 1.000000
-0.570533 1.067473 0.214595 -1.276311 1.000000
-0.715270 1.600653 2.357701 -2.426301 1.000000
-0.860308 1.540024 2.521824 -3.566415 1.000000
-1.176603 1.390948 -0.130928 2.641188 1.000000
-0.581364 1.052511 0.180718 -1.234217 1.000000
-1.029367 1.268698 -1.405472 0.368885 1.000000
-1.091213 1.254199 -1.089413 0.960893 1.000000
-0.882016 1.402599 -0.801800 -2.788211 1.000000
-0.827392 1.674008 3.528047 -2.011729 1.000000
-1.082928 2.118567 3.274268 0.237868 1.000000
-0.921847 1.683459 4.413586 -1.241172 1.000000
-1.105291 1.487645 0.993826 4.313850 1.000000
-1.121675 1.898837 3.594745 0.639052 1.000000
-0.934544 1.384704 -1.877592 -1.917536 1.000000
-0.970197 1.335159 -1.900210 -0.614760 1.000000
-1.232134 1.243679 -0.282531 1.614327 1.000000
-1.418016 1.386804 0.938298 2.074287 1.000000
-1.085583 1.878173 3.715140 0.501298 1.000000
-0.929119 2.241007 3.131688 -0.156080 1.000000
-0.897436 1.661188 4.229728 -1.736934 1.000000
-1.147611 1.526873 2.153935 3.591986 1.000000
-0.757374 1.632470 2.788975 -2.360837 1.000000
-0.748112 1.612697 2.599469 -2.457413 1.000000
-0.834594 1.404947 -0.113274 -2.807315 1.000000
-0.870425 1.641489 3.881084 -2.180581 1.000000
-1.239887 1.585604 2.441792 2.639184 1.000000
-1.016074 1.597777 5.933137 0.728761 1.000000
-1.537601 1.370253 1.053848 1.848608 1.000000
-0.828290 1.386032 -0.222715 -2.595530 1.000000
-0.576505 2.107621 2.848139 -0.939617 1.000000
-0.832184 1.456938 0.655521 -3.290995 1.000000
-1.039838 1.110006 -0.747007 0.229534 1.000000
-1.098644 1.723839 4.116595 1.153119 1.000000
-1.109174 0.932036 -0.326151 0.351022 1.000000
-1.076818 2.038567 3.398169 0.270743 1.000000
-0.900973 1.542002 3.183725 -3.969673 1.000000
-0.826884 1.871969 3.501707 -0.931605 1.000000
-1.001135 1.437551 -4.157770 0.102818 1.000000
-1.119893 1.393365 -0.846330 2.638066 1.000000
-0.760945 1.066915 -0.260352 -0.971683 1.000000
-1.137279 2.057272 3.312558 0.446508 1.000000
-0.633978 1.514286 1.591131 -2.334885 1.000000
-0.997274 1.172915 -0.972647 -0.020610 1.000000
-0.870488 1.594654 3.583472 -2.850764 1.000000
-0.881314 1.584985 3.654955 -3.009510 1.000000
-1.342200 1.441839 1.097793 2.366461 1.000000
-1.258564 1.995749 3.176917 0.874617 1.000000
-1.257519 1.533604 1.859077 2.751760 1.000000
-0.942886 1.454525 -1.760173 -4.094614 1.000000
-0.777511 1.315892 -0.177739 -2.027495 1.000000
-0.972988 1.227102 -1.187441 -0.266013 1.000000
-1.067684 1.765417 4.118360 0.667709 1.000000
-0.929685 1.541628 4.020352 -4.257180 1.000000
-0.816426 1.647421 3.324957 -2.272500 1.000000
-1.294985 1.228627 -0.012349 1.643937 1.000000
1.000000 -1.000000 0.000000 0.000000 50000.000000
-1.000000 1.500000 1.500000 0.000000 20000.000000
